FO: 36650.94
HUBS: 19 18 17 14 
OR H1 H2 DS CUSTO
0 14 14 0 32804.23
0 14 14 1 32804.23
0 14 14 2 32804.23
0 14 14 3 32804.23
0 14 14 4 32804.23
0 14 14 5 32804.23
0 14 14 6 32804.23
0 14 14 7 32804.23
0 14 14 8 32804.23
0 14 14 9 32804.23
0 14 14 10 32804.23
0 14 14 11 32804.23
0 14 14 12 32804.23
0 14 14 13 32804.23
0 14 14 14 32804.23
0 17 17 15 34220.37
0 17 17 16 34220.37
0 17 17 17 34220.37
0 18 18 18 35513.39
0 14 19 19 36650.94
1 14 14 0 32450.80
1 14 14 1 32450.80
1 14 14 2 32450.80
1 14 14 3 32450.80
1 14 14 4 32450.80
1 14 14 5 32450.80
1 14 14 6 32450.80
1 14 14 7 32450.80
1 14 14 8 32450.80
1 14 14 9 32450.80
1 14 14 10 32450.80
1 14 14 11 32450.80
1 14 14 12 32450.80
1 14 14 13 32450.80
1 14 14 14 32450.80
1 14 18 15 35345.81
1 14 18 16 35345.81
1 14 18 17 35345.81
1 14 18 18 35345.81
1 14 19 19 36297.50
2 14 14 0 24542.47
2 14 14 1 24542.47
2 14 14 2 24542.47
2 14 14 3 24542.47
2 14 14 4 24542.47
2 14 14 5 24542.47
2 14 14 6 24542.47
2 14 14 7 24542.47
2 14 14 8 24542.47
2 14 14 9 24542.47
2 14 14 10 24542.47
2 14 14 11 24542.47
2 14 14 12 24542.47
2 14 14 13 24542.47
2 14 14 14 24542.47
2 14 18 15 27437.48
2 14 18 16 27437.48
2 14 18 17 27437.48
2 14 18 18 27437.48
2 14 19 19 28389.17
3 14 14 0 32963.24
3 14 14 1 32963.24
3 14 14 2 32963.24
3 14 14 3 32963.24
3 14 14 4 32963.24
3 14 14 5 32963.24
3 14 14 6 32963.24
3 14 14 7 32963.24
3 14 14 8 32963.24
3 14 14 9 32963.24
3 14 14 10 32963.24
3 14 14 11 32963.24
3 14 14 12 32963.24
3 14 14 13 32963.24
3 14 14 14 32963.24
3 19 19 15 34468.83
3 19 19 16 34468.83
3 19 19 17 34468.83
3 19 19 18 34468.83
3 19 19 19 34468.83
4 14 14 0 18341.82
4 14 14 1 18341.82
4 14 14 2 18341.82
4 14 14 3 18341.82
4 14 14 4 18341.82
4 14 14 5 18341.82
4 14 14 6 18341.82
4 14 14 7 18341.82
4 14 14 8 18341.82
4 14 14 9 18341.82
4 14 14 10 18341.82
4 14 14 11 18341.82
4 14 14 12 18341.82
4 14 14 13 18341.82
4 14 14 14 18341.82
4 17 17 15 18583.42
4 17 17 16 18583.42
4 17 17 17 18583.42
4 18 18 18 20455.00
4 14 19 19 22188.53
5 14 14 0 17078.34
5 14 14 1 17078.34
5 14 14 2 17078.34
5 14 14 3 17078.34
5 14 14 4 17078.34
5 14 14 5 17078.34
5 14 14 6 17078.34
5 14 14 7 17078.34
5 14 14 8 17078.34
5 14 14 9 17078.34
5 14 14 10 17078.34
5 14 14 11 17078.34
5 14 14 12 17078.34
5 14 14 13 17078.34
5 14 14 14 17078.34
5 14 18 15 19973.35
5 14 18 16 19973.35
5 14 18 17 19973.35
5 14 18 18 19973.35
5 14 19 19 20925.04
6 14 14 0 14643.55
6 14 14 1 14643.55
6 14 14 2 14643.55
6 14 14 3 14643.55
6 14 14 4 14643.55
6 14 14 5 14643.55
6 14 14 6 14643.55
6 14 14 7 14643.55
6 14 14 8 14643.55
6 14 14 9 14643.55
6 14 14 10 14643.55
6 14 14 11 14643.55
6 14 14 12 14643.55
6 14 14 13 14643.55
6 14 14 14 14643.55
6 14 18 15 17538.56
6 14 18 16 17538.56
6 14 18 17 17538.56
6 14 18 18 17538.56
6 14 19 19 18490.26
7 14 14 0 16389.21
7 14 14 1 16389.21
7 14 14 2 16389.21
7 14 14 3 16389.21
7 14 14 4 16389.21
7 14 14 5 16389.21
7 14 14 6 16389.21
7 14 14 7 16389.21
7 14 14 8 16389.21
7 14 14 9 16389.21
7 14 14 10 16389.21
7 14 14 11 16389.21
7 14 14 12 16389.21
7 14 14 13 16389.21
7 14 14 14 16389.21
7 19 19 15 17808.66
7 19 19 16 17808.66
7 19 19 17 17808.66
7 19 19 18 17808.66
7 19 19 19 17808.66
8 17 17 0 13354.84
8 17 17 1 13354.84
8 17 17 2 13354.84
8 17 17 3 13354.84
8 17 17 4 13354.84
8 17 17 5 13354.84
8 17 17 6 13354.84
8 17 17 7 13354.84
8 17 17 8 13354.84
8 17 17 9 13354.84
8 17 17 10 13354.84
8 17 17 11 13354.84
8 17 17 12 13354.84
8 17 17 13 13354.84
8 17 17 14 13354.84
8 17 17 15 13354.84
8 17 17 16 13354.84
8 17 17 17 13354.84
8 18 18 18 16045.68
8 14 19 19 18472.09
9 14 14 0 8138.33
9 14 14 1 8138.33
9 14 14 2 8138.33
9 14 14 3 8138.33
9 14 14 4 8138.33
9 14 14 5 8138.33
9 14 14 6 8138.33
9 14 14 7 8138.33
9 14 14 8 8138.33
9 14 14 9 8138.33
9 14 14 10 8138.33
9 14 14 11 8138.33
9 14 14 12 8138.33
9 14 14 13 8138.33
9 14 14 14 8138.33
9 14 18 15 11033.34
9 14 18 16 11033.34
9 14 18 17 11033.34
9 14 18 18 11033.34
9 14 19 19 11985.03
10 14 14 0 7858.51
10 14 14 1 7858.51
10 14 14 2 7858.51
10 14 14 3 7858.51
10 14 14 4 7858.51
10 14 14 5 7858.51
10 14 14 6 7858.51
10 14 14 7 7858.51
10 14 14 8 7858.51
10 14 14 9 7858.51
10 14 14 10 7858.51
10 14 14 11 7858.51
10 14 14 12 7858.51
10 14 14 13 7858.51
10 14 14 14 7858.51
10 14 18 15 10753.52
10 14 18 16 10753.52
10 14 18 17 10753.52
10 14 18 18 10753.52
10 19 19 19 10760.49
11 19 19 0 14102.78
11 19 19 1 14102.78
11 19 19 2 14102.78
11 19 19 3 14102.78
11 19 19 4 14102.78
11 19 19 5 14102.78
11 19 19 6 14102.78
11 19 19 7 14102.78
11 19 19 8 14102.78
11 19 19 9 14102.78
11 19 19 10 14102.78
11 19 19 11 14102.78
11 19 19 12 14102.78
11 19 19 13 14102.78
11 19 19 14 14102.78
11 19 19 15 14102.78
11 19 19 16 14102.78
11 19 19 17 14102.78
11 19 19 18 14102.78
11 19 19 19 14102.78
12 17 17 0 7511.78
12 17 17 1 7511.78
12 17 17 2 7511.78
12 17 17 3 7511.78
12 17 17 4 7511.78
12 17 17 5 7511.78
12 17 17 6 7511.78
12 17 17 7 7511.78
12 17 17 8 7511.78
12 17 17 9 7511.78
12 17 17 10 7511.78
12 17 17 11 7511.78
12 17 17 12 7511.78
12 17 17 13 7511.78
12 17 17 14 7511.78
12 17 17 15 7511.78
12 17 17 16 7511.78
12 17 17 17 7511.78
12 18 18 18 11024.71
12 17 14 19 12640.71
13 18 18 0 3574.80
13 18 18 1 3574.80
13 18 18 2 3574.80
13 18 18 3 3574.80
13 18 18 4 3574.80
13 18 18 5 3574.80
13 18 18 6 3574.80
13 18 18 7 3574.80
13 18 18 8 3574.80
13 18 18 9 3574.80
13 18 18 10 3574.80
13 18 18 11 3574.80
13 18 18 12 3574.80
13 18 18 13 3574.80
13 18 18 14 3574.80
13 18 18 15 3574.80
13 18 18 16 3574.80
13 18 18 17 3574.80
13 18 18 18 3574.80
13 18 19 19 6890.73
14 14 14 0 0.00
14 14 14 1 0.00
14 14 14 2 0.00
14 14 14 3 0.00
14 14 14 4 0.00
14 14 14 5 0.00
14 14 14 6 0.00
14 14 14 7 0.00
14 14 14 8 0.00
14 14 14 9 0.00
14 14 14 10 0.00
14 14 14 11 0.00
14 14 14 12 0.00
14 14 14 13 0.00
14 14 14 14 0.00
14 14 18 15 2895.01
14 14 18 16 2895.01
14 14 18 17 2895.01
14 14 18 18 2895.01
14 14 19 19 3846.70
15 14 14 0 0.00
15 14 14 1 0.00
15 14 14 2 0.00
15 14 14 3 0.00
15 14 14 4 0.00
15 14 14 5 0.00
15 14 14 6 0.00
15 14 14 7 0.00
15 14 14 8 0.00
15 14 14 9 0.00
15 14 14 10 0.00
15 14 14 11 0.00
15 14 14 12 0.00
15 14 14 13 0.00
15 14 14 14 0.00
15 14 18 15 2895.01
15 14 18 16 2895.01
15 14 18 17 2895.01
15 14 18 18 2895.01
15 14 19 19 3846.70
16 14 14 0 0.00
16 14 14 1 0.00
16 14 14 2 0.00
16 14 14 3 0.00
16 14 14 4 0.00
16 14 14 5 0.00
16 14 14 6 0.00
16 14 14 7 0.00
16 14 14 8 0.00
16 14 14 9 0.00
16 14 14 10 0.00
16 14 14 11 0.00
16 14 14 12 0.00
16 14 14 13 0.00
16 14 14 14 0.00
16 14 18 15 2895.01
16 14 18 16 2895.01
16 14 18 17 2895.01
16 14 18 18 2895.01
16 14 19 19 3846.70
17 17 17 0 0.00
17 17 17 1 0.00
17 17 17 2 0.00
17 17 17 3 0.00
17 17 17 4 0.00
17 17 17 5 0.00
17 17 17 6 0.00
17 17 17 7 0.00
17 17 17 8 0.00
17 17 17 9 0.00
17 17 17 10 0.00
17 17 17 11 0.00
17 17 17 12 0.00
17 17 17 13 0.00
17 17 17 14 0.00
17 17 17 15 0.00
17 17 17 16 0.00
17 17 17 17 0.00
17 14 18 18 2895.01
17 14 19 19 3846.70
18 18 18 0 0.00
18 18 18 1 0.00
18 18 18 2 0.00
18 18 18 3 0.00
18 18 18 4 0.00
18 18 18 5 0.00
18 18 18 6 0.00
18 18 18 7 0.00
18 18 18 8 0.00
18 18 18 9 0.00
18 18 18 10 0.00
18 18 18 11 0.00
18 18 18 12 0.00
18 18 18 13 0.00
18 18 18 14 0.00
18 18 18 15 0.00
18 18 18 16 0.00
18 18 18 17 0.00
18 18 18 18 0.00
18 18 19 19 3315.92
19 19 19 0 0.00
19 19 19 1 0.00
19 19 19 2 0.00
19 19 19 3 0.00
19 19 19 4 0.00
19 19 19 5 0.00
19 19 19 6 0.00
19 19 19 7 0.00
19 19 19 8 0.00
19 19 19 9 0.00
19 19 19 10 0.00
19 19 19 11 0.00
19 19 19 12 0.00
19 19 19 13 0.00
19 19 19 14 0.00
19 19 19 15 0.00
19 19 19 16 0.00
19 19 19 17 0.00
19 19 19 18 0.00
19 19 19 19 0.00
